Peak = 3468 (0.0529183)
Avg = 879.499 (0.0134203)
