Peak = 18334 (0.279759)
Avg = 2972.09 (0.0453512)
