P2
9 9
65535
0 0 0 0 0 0 0 0 0 
0 0 10 21 25 21 10 0 0 
0 10 29 44 50 44 29 10 0 
0 21 44 64 74 64 44 21 0 
0 25 50 74 99 74 50 25 0 
0 21 44 64 74 64 44 21 0 
0 10 29 44 50 44 29 10 0 
0 0 10 21 25 21 10 0 0 
0 0 0 0 0 0 0 0 0 
