Peak = 18341 (0.279866)
Avg = 2972.41 (0.0453561)
