Peak = 1464 (0.0223392)
Avg = 362.075 (0.00552491)
