Peak = 3383 (0.0516213)
Avg = 870.691 (0.0132859)
