Peak = 1719 (0.0262303)
Avg = 434.308 (0.00662711)
