Kernel "Gaussian" of size 7x7+3+3 with values from 0 to 0.248678
Forming a output range from 0 to 1 (Normalized)
 0: 1.94255e-07 9.65683e-06 0.000100626 0.000219788 0.000100626 9.65683e-06 1.94255e-07
 1: 9.65683e-06 0.000480062 0.00500236 0.0109262 0.00500236 0.000480062 9.65683e-06
 2: 0.000100626 0.00500236 0.0521258  0.113853 0.0521258 0.00500236 0.000100626
 3: 0.000219788 0.0109262  0.113853  0.248678  0.113853 0.0109262 0.000219788
 4: 0.000100626 0.00500236 0.0521258  0.113853 0.0521258 0.00500236 0.000100626
 5: 9.65683e-06 0.000480062 0.00500236 0.0109262 0.00500236 0.000480062 9.65683e-06
 6: 1.94255e-07 9.65683e-06 0.000100626 0.000219788 0.000100626 9.65683e-06 1.94255e-07
