  Channel statistics:
    Gray:
      min: 56 (0.219608)
      max: 106 (0.415686)
      mean: 77.8123 (0.305146)
      standard deviation: 7.88841 (0.0309349)
      kurtosis: 39049.1
      skewness: 0.298392
