  Channel statistics:
    Gray:
      min: 0 (0)
      max: 127 (0.498039)
      mean: 9.7071 (0.0380671)
      standard deviation: 23.4909 (0.0921213)
      kurtosis: 15.9223
      skewness: 3.02607
